00000000
00000000
00000000
00000000
00000000
00000000
00000000
00000000

00000000
00000000
00000000
00000000
00000000
00000000
00000000
00000000

30000000
30000000
33333333
30000000
30000000
00000000
00000000
00000000

00000000
00000000
33333333
00000000
00000000
00000000
00000000
00000000

00000003
00000003
33333333
00000003
00000003
00000000
00000000
00000000

00000000
00000000
00000000
00000000
00000000
00000000
00000000
00000000

03333300
33333330
00000000
33000000
33000000
33333330
03333300
00000000

33333330
33333330
00000000
33330000
33000000
33333330
33333330
00000000

33000330
33000330
00000030
33333330
33000330
33000330
33000330
00000000

33003300
33033000
00000000
33330000
33033000
33003300
33000330
00000000

33000330
33303330
00000030
33030330
33000330
33000330
33000330
00000000

33000330
33000330
00000030
33030330
33003330
33000330
33000330
00000000

03333300
33333330
00000030
33000330
33000330
33333330
03333300
00000000

33333300
33333330
00000030
33333300
33000000
33000000
33000000
00000000

33003300
33003300
00000000
03333000
00330000
00330000
00330000
00000000

00033000
00033000
00033000
00033000
00033000
00033000
00033000
00000000

33333300
33333330
00000030
00000330
00033300
03330000
33333330
00000000

33333300
33333330
00000030
00333300
00333300
00000030
33333330
00000000

00033000
00033000
33033000
33033000
33333330
00033000
00033000
00000000

33333330
33333330
00000000
30000000
33333300
00000330
33333330
00000000

03333300
33333330
00000000
33000000
33333300
33000330
33333330
00000000

33333330
33333330
00000330
00003300
00033000
00030000
00330000
00000000

00000000
00000000
00000000
00000000
00000000
00000000
00000000
00000000

00000000
00000000
00000000
00000000
00000000
00000000
00000000
00000000

00000000
00000000
00000000
00000000
00000000
00000000
00000000
00000000

00000000
00000000
00000000
00000000
00000000
00000000
00000000
00000000

00000000
00000000
00000000
00000000
00000000
00000000
00000000
00000000

00000000
00000000
00000000
00000000
00000000
00000000
00000000
00000000

00000000
00000000
00000000
00000000
00000000
00000000
00000000
00000000

00000000
00000000
00000000
00000000
00000000
00000000
00000000
00000000

00033000
00033000
00033000
33333333
33333333
00033000
00033000
00033000

00033000
00033000
00033000
33333333
33333333
00000000
00000000
00000000

00000000
00000000
00000000
00000000
00000000
00000000
00000000
00000000

00033000
00033000
00033000
00033000
00000000
00033000
00033000
00000000

00330033
00330033
03300330
00000000
00000000
00000000
00000000
00000000

03300330
03300330
33333333
03300330
33333333
03300330
03300330
00000000

00033000
00333330
03300000
00333300
00000330
03333300
00033000
00000000

03300030
03300330
00003300
00033000
00330000
03300330
03000330
00000000

00333300
03300330
00333300
00333000
03300333
03300330
00333333
00000000

00003300
00003300
00033000
00000000
00000000
00000000
00000000
00000000

00003300
00033000
00330000
00330000
00330000
00033000
00003300
00000000

00330000
00033000
00003300
00003300
00003300
00033000
00330000
00000000

00000000
03300330
00333300
33333333
00333300
03300330
00000000
00000000

00000000
00033000
00033000
03333330
00033000
00033000
00000000
00000000

00000000
00000000
00000000
00000000
00000000
00033000
00033000
00330000

00000000
00000000
00000000
03303330
00333033
00000000
00000000
00000000

00000000
00000000
00000000
00000000
00000000
00033000
00033000
00000000

00000000
00000033
00000330
00003300
00033000
00330000
03300000
00000000

00333330
03300033
03300333
03303033
03330033
03300033
00333330
00000000

00003300
00033300
00003300
00003300
00003300
00003300
00333333
00000000

00333330
03300033
03300033
00003330
00333000
03300033
03333333
00000000

00333330
03300033
03300033
00003330
03300033
03300033
00333330
00000000

00000330
00003330
00033330
00300330
03333333
00000330
00000330
00000000

03333333
03300033
03300000
03333330
00000033
03300033
00333330
00000000

00333330
03300033
03300000
03333330
03300033
03300033
00333330
00000000

03333333
03300033
00000330
00003300
00033000
00033000
00333300
00000000

00333330
03300033
03300033
00333330
03300033
03300033
00333330
00000000

00333330
03300033
03300033
00333333
00000033
03300033
00333330
00000000

00000000
00000000
00033000
00033000
00000000
00033000
00033000
00000000

00000000
00000000
00033000
00033000
00000000
00033000
00033000
00330000

00003330
00033000
00330000
03300000
00330000
00033000
00003330
00000000

00000000
00000000
03333330
00000000
03333330
00000000
00000000
00000000

03330000
00033000
00003300
00000330
00003300
00033000
03330000
00000000

03333330
03300033
00000033
00000330
00033300
00000000
00033000
00033000

03333300
33000330
33003330
33303330
33300000
33300330
03333300
00000000

00033300
00330330
03300033
03333333
03300033
03300033
03300033
00000000

03303330
03330033
03300033
03333330
03300033
03300033
03333330
00000000

00033330
00330033
03300000
03300000
03300000
00330033
00033330
00000000

03303300
03330330
03300033
03300033
03300033
03300330
03333300
00000000

03333333
00330003
00330000
00333300
00330000
00330003
03333333
00000000

03333333
00330003
00330000
00333300
00330000
00330000
03333000
00000000

00033330
00330033
03300000
03300333
03300033
00330333
00033303
00000000

03300033
03300033
03300033
03333333
03300033
03300033
03300033
00000000

00333300
00033000
00033000
00033000
00033000
00033000
00333300
00000000

00033333
00000330
00000330
00000330
00000330
03300330
00333300
00000000

03300330
03300330
03303300
03333000
03303300
03300333
03300033
00000000

03333000
00330000
03300000
03300000
03300033
03300033
03333330
00000000

03300033
03330333
03333333
03303033
03300033
03300033
03300033
00000000

03300033
03330033
03333033
03303333
03300333
03300033
03300033
00000000

00033300
00330330
03300033
03300033
03300033
00330330
00033300
00000000

03303330
03330033
03300033
03333330
03300000
03300000
03300000
00000000

00033300
00330330
03300033
03303033
03300333
00330330
00033303
00000000

03303330
03330033
03300033
03333330
03303300
03300333
03300033
00000000

00333330
03300033
03300000
00333330
00000033
03300033
00333330
00000000

03333330
03033030
00033000
00033000
00033000
00033000
00333300
00000000

03330033
00330033
03300033
03300033
03300033
03330330
00333300
00000000

03330033
00330033
03300033
03300033
03300330
00333300
00033000
00000000

03330033
00330033
03300033
03303033
03333333
03330333
03300033
00000000

03300033
03300033
00330330
00033300
00330330
03300033
03300033
00000000

00330033
03300033
03300033
00330330
00033300
03333000
03330000
00000000

03333333
03300033
00000330
00033300
00330033
03300033
03333330
00000000

00333300
00330000
00330000
00330000
00330000
00330000
00333300
00000000

03000000
03300000
00330000
00033000
00003300
00000330
00000030
00000000

00333300
00003300
00003300
00003300
00003300
00003300
00333300
00000000

00000000
00033000
00333300
03333330
00033000
00033000
00033000
00033000

00000000
00000000
00000000
00000000
00000000
00000000
33333333
33333333

00330000
00330000
00033000
00000000
00000000
00000000
00000000
00000000

00000000
00000000
00333333
03300033
03300033
03300333
00333033
00000000

03300000
03300000
03303330
03330033
03300033
03300033
00333330
00000000

00000000
00000000
00333330
03300033
03300000
03300033
00333330
00000000

00000033
00000033
00333033
03300333
03300033
03300033
00333330
00000000

00000000
00000000
00333330
03300003
03333333
03300000
00333330
00000000

00003330
00033000
00033000
00333300
00033000
00033000
00333300
00000000

00000000
00000000
00333330
03300000
03300033
03300033
00333303
00000000

03300000
03300000
03303330
03330033
03300033
03300330
03300333
00000000

00000000
00000000
00033330
00003300
00003300
00003300
00033330
00000000

00000000
00000000
00333333
00000330
00000330
00000330
03300330
00333300

03300000
03300000
03300330
03303330
03333300
03300333
03300033
00000000

00033300
00003300
00003300
00003300
00003300
00003300
00033330
00000000

00000000
00000000
03303330
03333333
03303033
03300030
03300333
00000000

00000000
00000000
03303330
03330033
03300033
03300330
03300333
00000000

00000000
00000000
00333330
03300033
03300033
03300033
00333330
00000000

00000000
00000000
00333330
03300033
03330033
03303330
03300000
03300000

00000000
00000000
00333330
03300033
03300333
00333033
00000033
00000033

00000000
00000000
03303330
03330033
03300033
03333330
03300033
00000000

00000000
00000000
00333330
03330003
00033300
03000333
00333330
00000000

00000330
00003300
00333333
00033000
00033000
00033033
00003330
00000000

00000000
00000000
03330033
00330033
03300033
03300333
00333033
00000000

00000000
00000000
03330033
00330033
03300033
03300330
00333300
00000000

00000000
00000000
03300033
03303033
03333333
03330333
03300033
00000000

00000000
00000000
03300033
00330330
00033300
00330330
03300033
00000000

00000000
00000000
00330033
03300033
03300033
00333333
00000033
00333330

00000000
00000000
03333333
00003330
00033300
00333000
03333333
00000000

00333300
03000030
30033003
30300003
30300003
30033003
03000030
00333300

00000000
00000000
00000000
00000000
00000000
00000000
00000000
00000000

00000000
00000000
00000000
00000000
00000000
00000000
00000000
00000000

00000000
00000000
00000000
00000000
00000000
00000000
00000000
00000000

00000000
00000000
00000000
00000000
00000000
00000000
00000000
00000000

00000000
00000000
00000000
00000000
00000000
00000000
00000000
00000000

00000000
00000000
00000000
00000000
00000000
00000000
00000000
00000000

00000000
00000000
00000000
00000000
00000000
00000000
00000000
00000000

00000000
00000000
00000000
00000000
00000000
00000000
00000000
00000000

00000000
00000000
00000000
00000000
00000000
00000000
00000000
00000000

00000000
00000000
00000000
00000000
00000000
00000000
00000000
00000000

00000000
00000000
00000000
00000000
00000000
00000000
00000000
00000000

00000000
00000000
00000000
00000000
00000000
00000000
00000000
00000000

00000000
00000000
00000000
00000000
00000000
00000000
00000000
00000000

00000000
00000000
00000000
00000000
00000000
00000000
00000000
00000000

00000000
00000000
00000000
00000000
00000000
00000000
00000000
00000000

00000000
00000000
00000000
00000000
00000000
00000000
00000000
00000000

00000000
00000000
00000000
00000000
00000000
00000000
00000000
00000000

00000000
00000000
00000000
00000000
00000000
00000000
00000000
00000000

00000000
00000000
00000000
00000000
00000000
00000000
00000000
00000000

00000000
00000000
00000000
00000000
00000000
00000000
00000000
00000000

00000000
00000000
00000000
00000000
00000000
00000000
00000000
00000000

00000000
00000000
00000000
00000000
00000000
00000000
00000000
00000000

00000000
00000000
00000000
00000000
00000000
00000000
00000000
00000000

00000000
00000000
00000000
00000000
00000000
00000000
00000000
00000000

00000000
00000000
00000000
00000000
00000000
00000000
00000000
00000000

00000000
00000000
00000000
00000000
00000000
00000000
00000000
00000000

00000000
00000000
00000000
00000000
00000000
00000000
00000000
00000000

00000000
00000000
00000000
00000000
00000000
00000000
00000000
00000000

00000000
00000000
00000000
00000000
00000000
00000000
00000000
00000000

00000000
00000000
00000000
00000000
00000000
00000000
00000000
00000000

00000000
00000000
00000000
00000000
00000000
00000000
00000000
00000000

00000000
00000000
00000000
00000000
00000000
00000000
00000000
00000000

00000000
00000000
00000000
00000000
00000000
00000000
00000000
00000000

00000000
00000000
00000000
00000000
00000000
00000000
00000000
00000000

00000000
00000000
00000000
00000000
00000000
00000000
00000000
00000000

00000000
00000000
00000000
00000000
00000000
00000000
00000000
00000000

00000000
00000000
00000000
00000000
00000000
00000000
00000000
00000000

00000000
00000000
00000000
00000000
00000000
00000000
00000000
00000000

00000000
00000000
00000000
00000000
00000000
00000000
00000000
00000000

00000000
00000000
00000000
00000000
00000000
00000000
00000000
00000000

00000000
00000000
00000000
00000000
00000000
00000000
00000000
00000000

00000000
00000000
00000000
00000000
00000000
00000000
00000000
00000000

00000000
00000000
00000000
00000000
00000000
00000000
00000000
00000000

00000000
00000000
00000000
00000000
00000000
00000000
00000000
00000000

00000000
00000000
00000000
00000000
00000000
00000000
00000000
00000000

00000000
00000000
00000000
00000000
00000000
00000000
00000000
00000000

00000000
00000000
00000000
00000000
00000000
00000000
00000000
00000000

00000000
00000000
00000000
00000000
00000000
00000000
00000000
00000000

00000000
00000000
00000000
00000000
00000000
00000000
00000000
00000000

00000000
00000000
00000000
00000000
00000000
00000000
00000000
00000000

00000000
00000000
00000000
00000000
00000000
00000000
00000000
00000000

00000000
00000000
00000000
00000000
00000000
00000000
00000000
00000000

00000000
00000000
00000000
00000000
00000000
00000000
00000000
00000000

00000000
00000000
00000000
00000000
00000000
00000000
00000000
00000000

00000000
00000000
00000000
00000000
00000000
00000000
00000000
00000000

00000000
00000000
00000000
00000000
00000000
00000000
00000000
00000000

00000000
00000000
00000000
00000000
00000000
00000000
00000000
00000000

00000000
00000000
00000000
00000000
00000000
00000000
00000000
00000000

00000000
00000000
00000000
00000000
00000000
00000000
00000000
00000000

00000000
00000000
00000000
00000000
00000000
00000000
00000000
00000000

00000000
00000000
00000000
00000000
00000000
00000000
00000000
00000000

00000000
00000000
00000000
00000000
00000000
00000000
00000000
00000000

00000000
00000000
00000000
00000000
00000000
00000000
00000000
00000000

00000000
00000000
00000000
00000000
00000000
00000000
00000000
00000000

00000000
00000000
00000000
00000000
00000000
00000000
00000000
00000000

00000000
00000000
00000000
00000000
00000000
00000000
00000000
00000000

00000000
00000000
00000000
00000000
00000000
00000000
00000000
00000000

00000000
00000000
00000000
00000000
00000000
00000000
00000000
00000000

00000000
00000000
00000000
00000000
00000000
00000000
00000000
00000000

00000000
00000000
00000000
00000000
00000000
00000000
00000000
00000000

00000000
00000000
00000000
00000000
00000000
00000000
00000000
00000000

00000000
00000000
00000000
00000000
00000000
00000000
00000000
00000000

00000000
00000000
00000000
00000000
00000000
00000000
00000000
00000000

00000000
00000000
00000000
00000000
00000000
00000000
00000000
00000000

00000000
00000000
00000000
00000000
00000000
00000000
00000000
00000000

00000000
00000000
00000000
00000000
00000000
00000000
00000000
00000000

00000000
00000000
00000000
00000000
00000000
00000000
00000000
00000000

00000000
00000000
00000000
00000000
00000000
00000000
00000000
00000000

00000000
00000000
00000000
00000000
00000000
00000000
00000000
00000000

00000000
00000000
00000000
00000000
00000000
00000000
00000000
00000000

00000000
00000000
00000000
00000000
00000000
00000000
00000000
00000000

00000000
00000000
00000000
00000000
00000000
00000000
00000000
00000000

00000000
00000000
00000000
00000000
00000000
00000000
00000000
00000000

00000000
00000000
00000000
00000000
00000000
00000000
00000000
00000000

00000000
00000000
00000000
00000000
00000000
00000000
00000000
00000000

00000000
00000000
00000000
00000000
00000000
00000000
00000000
00000000

00000000
00000000
00000000
00000000
00000000
00000000
00000000
00000000

00000000
00000000
00000000
00000000
00000000
00000000
00000000
00000000

00000000
00000000
00000000
00000000
00000000
00000000
00000000
00000000

00000000
00000000
00000000
00000000
00000000
00000000
00000000
00000000

00000000
00000000
00000000
00000000
00000000
00000000
00000000
00000000

00000000
00000000
00000000
00000000
00000000
00000000
00000000
00000000

00000000
00000000
00000000
00000000
00000000
00000000
00000000
00000000

00000000
00000000
00000000
00000000
00000000
00000000
00000000
00000000

00000000
00000000
00000000
00000000
00000000
00000000
00000000
00000000

00000000
00000000
00000000
00000000
00000000
00000000
00000000
00000000

00000000
00000000
00000000
00000000
00000000
00000000
00000000
00000000

00000000
00000000
00000000
00000000
00000000
00000000
00000000
00000000

00000000
00000000
00000000
00000000
00000000
00000000
00000000
00000000

00000000
00000000
00000000
00000000
00000000
00000000
00000000
00000000

00000000
00000000
00000000
00000000
00000000
00000000
00000000
00000000

00000000
00000000
00000000
00000000
00000000
00000000
00000000
00000000

00000000
00000000
00000000
00000000
00000000
00000000
00000000
00000000

00000000
00000000
00000000
00000000
00000000
00000000
00000000
00000000

00000000
00000000
00000000
00000000
00000000
00000000
00000000
00000000

00000000
00000000
00000000
00000000
00000000
00000000
00000000
00000000

00000000
00000000
00000000
00000000
00000000
00000000
00000000
00000000

00000000
00000000
00000000
00000000
00000000
00000000
00000000
00000000

00000000
00000000
00000000
00000000
00000000
00000000
00000000
00000000

00000000
00000000
00000000
00000000
00000000
00000000
00000000
00000000

00000000
00000000
00000000
00000000
00000000
00000000
00000000
00000000

00000000
00000000
00000000
00000000
00000000
00000000
00000000
00000000

00000000
00000000
00000000
00000000
00000000
00000000
00000000
00000000

00000000
00000000
00000000
00000000
00000000
00000000
00000000
00000000

00000000
00000000
00000000
00000000
00000000
00000000
00000000
00000000

00000000
00000000
00000000
00000000
00000000
00000000
00000000
00000000

00000000
00000000
00000000
00000000
00000000
00000000
00000000
00000000

00000000
00000000
00000000
00000000
00000000
00000000
00000000
00000000

00000000
00000000
00000000
00000000
00000000
00000000
00000000
00000000

00000000
00000000
00000000
00000000
00000000
00000000
00000000
00000000

00000000
00000000
00000000
00000000
00000000
00000000
00000000
00000000

00000000
00000000
00000000
00000000
00000000
00000000
00000000
00000000

00000000
00000000
00000000
00000000
00000000
00000000
00000000
00000000

00000000
00000000
00000000
00000000
00000000
00000000
00000000
00000000

00000000
00000000
00000000
00000000
00000000
00000000
00000000
00000000

00000000
00000000
00000000
00000000
00000000
00000000
00000000
00000000

00000000
00000000
00000000
00000000
00000000
00000000
00000000
00000000

00000000
00000000
00000000
00000000
00000000
00000000
00000000
00000000

00000000
00000000
00000000
00000000
00000000
00000000
00000000
00000000

00000000
00000000
00000000
00000000
00000000
00000000
00000000
00000000

00000000
00000000
00000000
00000000
00000000
00000000
00000000
00000000

00000000
00000000
00000000
00000000
00000000
00000000
00000000
00000000

